143.41787719726562 152.14073181152344
44.759490966796875 28.027507781982422
0.07065769284963608 0.057322535663843155
0.2723607122898102 0.20699001848697662
112.32492065429688 129.99954223632812
39.67510223388672 29.78968048095703
31.078004837036133 112.75572204589844
5.079537868499756 16.557254791259766
-0.035198528319597244 0.0351228192448616
-0.2729617953300476 0.20671619474887848
-0.015233246609568596 1.5300333499908447
-0.00487272534519434 0.45832785964012146
64.94503021240234 117.0863037109375
15.477051734924316 16.675716400146484
0.0146870082244277 0.031094124540686607
-0.000268112460616976 0.11828072369098663
78.45797729492188 84.0086669921875
29.277673721313477 22.93766212463379
